0.0 0.3726 0.6968 0.9377 0.7273 0.848 0.8265 0.324 0.8592 0.7936 0.8421 0.9594 0.9012 0.8544 0.9357 0.6083 0.8111 0.888 0.8847 0.7669 0.8708 0.9018 0.8976 0.8972 0.8705 0.868 0.9111 0.8141 0.8056 0.8114 0.8942 0.9482 0.9196 0.7924 0.86 0.8404 0.9336 0.928 0.955 0.9283 0.9355 0.8367
0.3726 0.0 0.5894 0.8902 0.5874 0.7258 0.7339 0.4797 0.8209 0.4293 0.5908 0.9252 0.7969 0.6962 0.8899 0.1831 0.6278 0.748 0.7335 0.728 0.7171 0.7859 0.7588 0.7445 0.8307 0.8079 0.8818 0.7869 0.8065 0.7978 0.8663 0.89 0.8781 0.7603 0.6779 0.785 0.8608 0.7747 0.8811 0.8587 0.822 0.8203
0.6968 0.5894 0.0 0.5255 0.4775 0.7837 0.7675 0.327 0.8873 0.5367 0.6703 0.5717 0.4837 0.7563 0.633 0.5357 0.6742 0.8421 0.8433 0.8625 0.8501 0.7452 0.8431 0.8556 0.8695 0.8755 0.9012 0.9166 0.9497 0.8988 0.9622 0.9768 0.9757 0.9124 0.9229 0.9353 0.947 0.9642 0.9745 0.9544 0.9644 0.8511
0.9377 0.8902 0.5255 0.0 0.6868 0.6271 0.6898 0.5341 0.9211 0.76 0.815 0.0403 0.33 0.5819 0.0417 0.7751 0.8044 0.7833 0.8058 0.8576 0.8195 0.5899 0.786 0.8111 0.6923 0.7636 0.7759 0.9225 0.9749 0.9386 0.9763 0.9852 0.982 0.9647 0.97 0.958 0.9518 0.9793 0.9807 0.9672 0.9756 0.9219
0.7273 0.5874 0.4775 0.6868 0.0 0.5418 0.3264 0.4231 0.642 0.7285 0.7738 0.7467 0.5863 0.6558 0.6846 0.5761 0.6387 0.7807 0.8164 0.8151 0.8296 0.7739 0.7922 0.8195 0.5743 0.6029 0.6892 0.9026 0.8941 0.8686 0.8651 0.9385 0.8974 0.6337 0.8176 0.7927 0.5894 0.8165 0.9078 0.644 0.6891 0.6795
0.848 0.7258 0.7837 0.6271 0.5418 0.0 0.2704 0.3432 0.9066 0.7638 0.8132 0.7242 0.6374 0.1757 0.538 0.5006 0.8191 0.1632 0.1962 0.4235 0.2601 0.2584 0.1624 0.1984 0.3822 0.2206 0.4299 0.5637 0.9274 0.7507 0.8939 0.9677 0.9508 0.8689 0.8736 0.8842 0.9397 0.9713 0.9587 0.943 0.9662 0.8618
0.8265 0.7339 0.7675 0.6898 0.3264 0.2704 0.0 0.393 0.8134 0.8251 0.8792 0.7515 0.7491 0.4614 0.5744 0.579 0.7813 0.6791 0.7533 0.7758 0.7886 0.6937 0.7026 0.7525 0.1751 0.2101 0.33 0.8876 0.7953 0.8772 0.874 0.9442 0.8835 0.6835 0.7995 0.7685 0.8531 0.9451 0.9536 0.8623 0.9014 0.836
0.324 0.4797 0.327 0.5341 0.4231 0.3432 0.393 0.0 0.8498 0.638 0.7358 0.6029 0.5526 0.406 0.5187 0.4459 0.7144 0.5308 0.5598 0.6487 0.6078 0.5183 0.5402 0.565 0.5493 0.4764 0.6503 0.7781 0.9064 0.8224 0.9249 0.9683 0.9577 0.8505 0.879 0.8867 0.9284 0.961 0.9643 0.9252 0.9577 0.8221
0.8592 0.8209 0.8873 0.9211 0.642 0.9066 0.8134 0.8498 0.0 0.7901 0.715 0.9324 0.6845 0.8884 0.9165 0.7497 0.645 0.9396 0.9472 0.8897 0.9193 0.9489 0.9419 0.9452 0.8785 0.9186 0.898 0.921 0.7428 0.9034 0.8097 0.921 0.8237 0.4864 0.7962 0.5468 0.6496 0.907 0.9202 0.2604 0.6799 0.1779
0.7936 0.4293 0.5367 0.76 0.7285 0.7638 0.8251 0.638 0.7901 0.0 0.1006 0.7835 0.5843 0.6804 0.7915 0.1671 0.3931 0.7537 0.7618 0.8104 0.7316 0.7508 0.7555 0.7639 0.8697 0.8528 0.9045 0.8428 0.9203 0.8691 0.9115 0.9361 0.9309 0.8478 0.8129 0.8466 0.9524 0.9418 0.9583 0.9038 0.9316 0.8716
0.8421 0.5908 0.6703 0.815 0.7738 0.8132 0.8792 0.7358 0.715 0.1006 0.0 0.8297 0.5 0.7254 0.8371 0.3381 0.1857 0.786 0.799 0.8536 0.7694 0.8149 0.7857 0.7956 0.9081 0.8971 0.9328 0.8839 0.9268 0.9122 0.9321 0.9637 0.9505 0.852 0.8803 0.8386 0.9646 0.9709 0.9729 0.9027 0.9503 0.8377
0.9594 0.9252 0.5717 0.0403 0.7467 0.7242 0.7515 0.6029 0.9324 0.7835 0.8297 0.0 0.3628 0.6597 0.0583 0.8291 0.8206 0.8772 0.903 0.9265 0.9027 0.6787 0.8831 0.9071 0.7408 0.8439 0.8225 0.9693 0.9791 0.966 0.9853 0.9893 0.9856 0.9762 0.9807 0.9643 0.9615 0.9858 0.9869 0.9759 0.984 0.9453
0.9012 0.7969 0.4837 0.33 0.5863 0.6374 0.7491 0.5526 0.6845 0.5843 0.5 0.3628 0.0 0.5403 0.3754 0.6369 0.5442 0.6975 0.7286 0.8015 0.7214 0.6239 0.7052 0.7132 0.7545 0.7906 0.8143 0.8756 0.959 0.9128 0.9566 0.9767 0.97 0.9039 0.9486 0.8826 0.9281 0.9717 0.9754 0.8944 0.9553 0.7177
0.8544 0.6962 0.7563 0.5819 0.6558 0.1757 0.4614 0.406 0.8884 0.6804 0.7254 0.6597 0.5403 0.0 0.437 0.4131 0.7679 0.2823 0.3234 0.5206 0.3009 0.3569 0.3013 0.3026 0.3556 0.3739 0.4692 0.6594 0.9347 0.7738 0.9221 0.9691 0.9588 0.8939 0.9033 0.8884 0.9593 0.9741 0.9639 0.9481 0.9711 0.8519
0.9357 0.8899 0.633 0.0417 0.6846 0.538 0.5744 0.5187 0.9165 0.7915 0.8371 0.0583 0.3754 0.437 0.0 0.7297 0.8127 0.7571 0.7952 0.8461 0.7838 0.6225 0.762 0.792 0.5128 0.646 0.6352 0.9145 0.9491 0.9294 0.9673 0.9837 0.971 0.9329 0.9575 0.9271 0.9574 0.9862 0.9822 0.9665 0.9819 0.9237
0.6083 0.1831 0.5357 0.7751 0.5761 0.5006 0.579 0.4459 0.7497 0.1671 0.3381 0.8291 0.6369 0.4131 0.7297 0.0 0.4885 0.5671 0.5652 0.6289 0.5342 0.6175 0.5663 0.5691 0.5769 0.5814 0.6354 0.7087 0.79 0.7674 0.8532 0.9046 0.8795 0.7164 0.7387 0.7445 0.9139 0.9052 0.9317 0.8612 0.8947 0.7513
0.8111 0.6278 0.6742 0.8044 0.6387 0.8191 0.7813 0.7144 0.645 0.3931 0.1857 0.8206 0.5442 0.7679 0.8127 0.4885 0.0 0.8473 0.8604 0.8656 0.8416 0.8583 0.8565 0.8648 0.8481 0.8677 0.8849 0.9099 0.8778 0.9063 0.9052 0.9373 0.919 0.7608 0.8742 0.7657 0.9016 0.9417 0.9337 0.8435 0.8964 0.7376
0.888 0.748 0.8421 0.7833 0.7807 0.1632 0.6791 0.5308 0.9396 0.7537 0.786 0.8772 0.6975 0.2823 0.7571 0.5671 0.8473 0.0 0.0852 0.282 0.1057 0.2094 0.1236 0.0646 0.7615 0.5208 0.7314 0.4022 0.9641 0.6296 0.8777 0.9656 0.9593 0.9478 0.9029 0.9235 0.9766 0.9674 0.9568 0.9642 0.978 0.8499
0.8847 0.7335 0.8433 0.8058 0.8164 0.1962 0.7533 0.5598 0.9472 0.7618 0.799 0.903 0.7286 0.3234 0.7952 0.5652 0.8604 0.0852 0.0 0.3056 0.0892 0.1775 0.0371 0.0087 0.8126 0.5362 0.7448 0.4852 0.9674 0.709 0.8954 0.9558 0.962 0.947 0.9281 0.9302 0.9765 0.9701 0.9601 0.971 0.9774 0.8531
0.7669 0.728 0.8625 0.8576 0.8151 0.4235 0.7758 0.6487 0.8897 0.8104 0.8536 0.9265 0.8015 0.5206 0.8461 0.6289 0.8656 0.282 0.3056 0.0 0.241 0.4131 0.3126 0.3257 0.8263 0.6767 0.8077 0.148 0.8706 0.3409 0.6385 0.8305 0.7876 0.7993 0.7659 0.7358 0.9196 0.8834 0.8668 0.8935 0.8936 0.7456
0.8708 0.7171 0.8501 0.8195 0.8296 0.2601 0.7886 0.6078 0.9193 0.7316 0.7694 0.9027 0.7214 0.3009 0.7838 0.5342 0.8416 0.1057 0.0892 0.241 0.0 0.2917 0.0988 0.0764 0.7726 0.5912 0.7305 0.3304 0.945 0.4201 0.8267 0.9468 0.9324 0.9073 0.8812 0.8714 0.9702 0.9444 0.9389 0.9441 0.9586 0.7982
0.9018 0.7859 0.7452 0.5899 0.7739 0.2584 0.6937 0.5183 0.9489 0.7508 0.8149 0.6787 0.6239 0.3569 0.6225 0.6175 0.8583 0.2094 0.1775 0.4131 0.2917 0.0 0.2045 0.208 0.761 0.5166 0.6967 0.5753 0.9743 0.78 0.921 0.9449 0.9676 0.9586 0.938 0.9354 0.9722 0.9776 0.9608 0.9712 0.9822 0.8722
0.8976 0.7588 0.8431 0.786 0.7922 0.1624 0.7026 0.5402 0.9419 0.7555 0.7857 0.8831 0.7052 0.3013 0.762 0.5663 0.8565 0.1236 0.0371 0.3126 0.0988 0.2045 0.0 0.0607 0.7731 0.5096 0.7287 0.4149 0.9691 0.6735 0.893 0.9714 0.9689 0.9544 0.9189 0.9364 0.9787 0.9721 0.9618 0.969 0.9818 0.8409
0.8972 0.7445 0.8556 0.8111 0.8195 0.1984 0.7525 0.565 0.9452 0.7639 0.7956 0.9071 0.7132 0.3026 0.792 0.5691 0.8648 0.0646 0.0087 0.3257 0.0764 0.208 0.0607 0.0 0.8038 0.5446 0.749 0.5143 0.9694 0.7026 0.9014 0.9654 0.9686 0.9499 0.9338 0.9372 0.9791 0.9756 0.9656 0.9737 0.981 0.8581
0.8705 0.8307 0.8695 0.6923 0.5743 0.3822 0.1751 0.5493 0.8785 0.8697 0.9081 0.7408 0.7545 0.3556 0.5128 0.5769 0.8481 0.7615 0.8126 0.8263 0.7726 0.761 0.7731 0.8038 0.0 0.1851 0.094 0.9139 0.819 0.8839 0.9111 0.9659 0.9013 0.7453 0.8737 0.7821 0.9329 0.9839 0.9735 0.9326 0.9589 0.8956
0.868 0.8079 0.8755 0.7636 0.6029 0.2206 0.2101 0.4764 0.9186 0.8528 0.8971 0.8439 0.7906 0.3739 0.646 0.5814 0.8677 0.5208 0.5362 0.6767 0.5912 0.5166 0.5096 0.5446 0.1851 0.0 0.1129 0.7965 0.9024 0.8569 0.9267 0.975 0.9478 0.8475 0.8926 0.8617 0.9563 0.9878 0.9748 0.9564 0.979 0.9109
0.9111 0.8818 0.9012 0.7759 0.6892 0.4299 0.33 0.6503 0.898 0.9045 0.9328 0.8225 0.8143 0.4692 0.6352 0.6354 0.8849 0.7314 0.7448 0.8077 0.7305 0.6967 0.7287 0.749 0.094 0.1129 0.0 0.8894 0.8994 0.8976 0.9474 0.9838 0.9432 0.8301 0.9214 0.8321 0.9625 0.9934 0.9837 0.9453 0.98 0.9151
0.8141 0.7869 0.9166 0.9225 0.9026 0.5637 0.8876 0.7781 0.921 0.8428 0.8839 0.9693 0.8756 0.6594 0.9145 0.7087 0.9099 0.4022 0.4852 0.148 0.3304 0.5753 0.4149 0.5143 0.9139 0.7965 0.8894 0.0 0.8763 0.219 0.6771 0.8917 0.8267 0.8538 0.7458 0.7767 0.9537 0.8803 0.8923 0.9101 0.9185 0.7309
0.8056 0.8065 0.9497 0.9749 0.8941 0.9274 0.7953 0.9064 0.7428 0.9203 0.9268 0.9791 0.959 0.9347 0.9491 0.79 0.8778 0.9641 0.9674 0.8706 0.945 0.9743 0.9691 0.9694 0.819 0.9024 0.8994 0.8763 0.0 0.8492 0.6254 0.8149 0.5535 0.1958 0.7446 0.3841 0.8775 0.9642 0.9348 0.8978 0.8679 0.6175
0.8114 0.7978 0.8988 0.9386 0.8686 0.7507 0.8772 0.8224 0.9034 0.8691 0.9122 0.966 0.9128 0.7738 0.9294 0.7674 0.9063 0.6296 0.709 0.3409 0.4201 0.78 0.6735 0.7026 0.8839 0.8569 0.8976 0.219 0.8492 0.0 0.525 0.7818 0.7057 0.7374 0.6743 0.6439 0.8947 0.7966 0.8019 0.873 0.8312 0.7479
0.8942 0.8663 0.9622 0.9763 0.8651 0.8939 0.874 0.9249 0.8097 0.9115 0.9321 0.9853 0.9566 0.9221 0.9673 0.8532 0.9052 0.8777 0.8954 0.6385 0.8267 0.921 0.893 0.9014 0.9111 0.9267 0.9474 0.6771 0.6254 0.525 0.0 0.6233 0.1951 0.3051 0.4277 0.4111 0.7715 0.8365 0.8249 0.7905 0.6982 0.7653
0.9482 0.89 0.9768 0.9852 0.9385 0.9677 0.9442 0.9683 0.921 0.9361 0.9637 0.9893 0.9767 0.9691 0.9837 0.9046 0.9373 0.9656 0.9558 0.8305 0.9468 0.9449 0.9714 0.9654 0.9659 0.975 0.9838 0.8917 0.8149 0.7818 0.6233 0.0 0.3488 0.6727 0.7186 0.2196 0.8344 0.8841 0.8057 0.8877 0.8412 0.9104
0.9196 0.8781 0.9757 0.982 0.8974 0.9508 0.8835 0.9577 0.8237 0.9309 0.9505 0.9856 0.97 0.9588 0.971 0.8795 0.919 0.9593 0.962 0.7876 0.9324 0.9676 0.9689 0.9686 0.9013 0.9478 0.9432 0.8267 0.5535 0.7057 0.1951 0.3488 0.0 0.2829 0.4181 0.2075 0.7635 0.8108 0.7772 0.8085 0.6908 0.7918
0.7924 0.7603 0.9124 0.9647 0.6337 0.8689 0.6835 0.8505 0.4864 0.8478 0.852 0.9762 0.9039 0.8939 0.9329 0.7164 0.7608 0.9478 0.947 0.7993 0.9073 0.9586 0.9544 0.9499 0.7453 0.8475 0.8301 0.8538 0.1958 0.7374 0.3051 0.6727 0.2829 0.0 0.545 0.2192 0.6308 0.8671 0.8527 0.5894 0.6285 0.4632
0.86 0.6779 0.9229 0.97 0.8176 0.8736 0.7995 0.879 0.7962 0.8129 0.8803 0.9807 0.9486 0.9033 0.9575 0.7387 0.8742 0.9029 0.9281 0.7659 0.8812 0.938 0.9189 0.9338 0.8737 0.8926 0.9214 0.7458 0.7446 0.6743 0.4277 0.7186 0.4181 0.545 0.0 0.5207 0.7134 0.5712 0.7452 0.7076 0.5993 0.7562
0.8404 0.785 0.9353 0.958 0.7927 0.8842 0.7685 0.8867 0.5468 0.8466 0.8386 0.9643 0.8826 0.8884 0.9271 0.7445 0.7657 0.9235 0.9302 0.7358 0.8714 0.9354 0.9364 0.9372 0.7821 0.8617 0.8321 0.7767 0.3841 0.6439 0.4111 0.2196 0.2075 0.2192 0.5207 0.0 0.734 0.7621 0.8167 0.6746 0.7098 0.496
0.9336 0.8608 0.947 0.9518 0.5894 0.9397 0.8531 0.9284 0.6496 0.9524 0.9646 0.9615 0.9281 0.9593 0.9574 0.9139 0.9016 0.9766 0.9765 0.9196 0.9702 0.9722 0.9787 0.9791 0.9329 0.9563 0.9625 0.9537 0.8775 0.8947 0.7715 0.8344 0.7635 0.6308 0.7134 0.734 0.0 0.3961 0.6744 0.1491 0.0587 0.751
0.928 0.7747 0.9642 0.9793 0.8165 0.9713 0.9451 0.961 0.907 0.9418 0.9709 0.9858 0.9717 0.9741 0.9862 0.9052 0.9417 0.9674 0.9701 0.8834 0.9444 0.9776 0.9721 0.9756 0.9839 0.9878 0.9934 0.8803 0.9642 0.7966 0.8365 0.8841 0.8108 0.8671 0.5712 0.7621 0.3961 0.0 0.6363 0.5715 0.2776 0.9095
0.955 0.8811 0.9745 0.9807 0.9078 0.9587 0.9536 0.9643 0.9202 0.9583 0.9729 0.9869 0.9754 0.9639 0.9822 0.9317 0.9337 0.9568 0.9601 0.8668 0.9389 0.9608 0.9618 0.9656 0.9735 0.9748 0.9837 0.8923 0.9348 0.8019 0.8249 0.8057 0.7772 0.8527 0.7452 0.8167 0.6744 0.6363 0.0 0.7384 0.4296 0.9315
0.9283 0.8587 0.9544 0.9672 0.644 0.943 0.8623 0.9252 0.2604 0.9038 0.9027 0.9759 0.8944 0.9481 0.9665 0.8612 0.8435 0.9642 0.971 0.8935 0.9441 0.9712 0.969 0.9737 0.9326 0.9564 0.9453 0.9101 0.8978 0.873 0.7905 0.8877 0.8085 0.5894 0.7076 0.6746 0.1491 0.5715 0.7384 0.0 0.1994 0.467
0.9355 0.822 0.9644 0.9756 0.6891 0.9662 0.9014 0.9577 0.6799 0.9316 0.9503 0.984 0.9553 0.9711 0.9819 0.8947 0.8964 0.978 0.9774 0.8936 0.9586 0.9822 0.9818 0.981 0.9589 0.979 0.98 0.9185 0.8679 0.8312 0.6982 0.8412 0.6908 0.6285 0.5993 0.7098 0.0587 0.2776 0.4296 0.1994 0.0 0.7577
0.8367 0.8203 0.8511 0.9219 0.6795 0.8618 0.836 0.8221 0.1779 0.8716 0.8377 0.9453 0.7177 0.8519 0.9237 0.7513 0.7376 0.8499 0.8531 0.7456 0.7982 0.8722 0.8409 0.8581 0.8956 0.9109 0.9151 0.7309 0.6175 0.7479 0.7653 0.9104 0.7918 0.4632 0.7562 0.496 0.751 0.9095 0.9315 0.467 0.7577 0.0
